  12                 49.241   48.983 -124.809 -125.069   48.984 -125.069
   48.983 -124.950   49.042 -124.871   49.122 -124.826   49.217 -124.825
   49.241 -124.809
  10                 49.241   48.956 -124.782 -124.975   49.241 -124.808
   49.156 -124.782   49.070 -124.818   48.996 -124.875   48.956 -124.975
  24                 48.702   48.393 -124.000 -125.007   48.702 -125.007
   48.665 -124.893   48.626 -124.790   48.583 -124.702   48.555 -124.575
   48.553 -124.464   48.550 -124.412   48.512 -124.370   48.473 -124.272
   48.439 -124.160   48.407 -124.043   48.393 -124.000
  32                 49.763   49.230 -124.000 -124.959   49.230 -124.000
   49.241 -124.068   49.259 -124.178   49.294 -124.129   49.313 -124.219
   49.336 -124.330   49.360 -124.453   49.383 -124.565   49.433 -124.659
   49.454 -124.757   49.507 -124.829   49.571 -124.876   49.642 -124.931
   49.672 -124.933   49.711 -124.866   49.763 -124.959
 166                 49.686   48.011 -122.186 -124.000   48.011 -122.186
   48.033 -122.260   48.088 -122.339   48.159 -122.365   48.220 -122.406
   48.193 -122.454   48.129 -122.443   48.075 -122.368   48.071 -122.394
   48.121 -122.468   48.162 -122.517   48.229 -122.526   48.256 -122.439
   48.254 -122.390   48.321 -122.411   48.368 -122.497   48.412 -122.562
   48.427 -122.591   48.416 -122.678   48.480 -122.672   48.497 -122.667
   48.480 -122.602   48.489 -122.564   48.450 -122.489   48.514 -122.483
   48.569 -122.551   48.569 -122.497   48.589 -122.436   48.649 -122.498
   48.713 -122.517   48.766 -122.535   48.741 -122.619   48.747 -122.661
   48.796 -122.701   48.844 -122.724   48.901 -122.758   48.928 -122.794
   48.965 -122.767   48.997 -122.758   49.022 -122.862   49.067 -122.859
   49.075 -122.961   49.027 -123.049   48.974 -123.071   49.037 -123.113
   49.075 -123.115   49.126 -123.050   49.126 -123.092   49.122 -123.198
   49.194 -123.203   49.183 -123.128   49.224 -123.192   49.276 -123.247
   49.275 -123.143   49.306 -123.134   49.288 -123.049   49.284 -122.962
   49.326 -122.892   49.404 -122.863   49.449 -122.878   49.366 -122.899
   49.307 -122.968   49.311 -123.100   49.338 -123.222   49.359 -123.276
   49.410 -123.240   49.493 -123.242   49.562 -123.232   49.627 -123.201
   49.686 -123.152   49.670 -123.227   49.604 -123.245   49.578 -123.325
   49.545 -123.410   49.500 -123.496   49.447 -123.474   49.386 -123.513
   49.406 -123.613   49.434 -123.714   49.465 -123.818   49.481 -123.902
   49.529 -123.976   49.564 -124.000
  62                 49.230   48.312 -123.277 -124.000   48.393 -124.000
   48.369 -123.929   48.353 -123.809   48.335 -123.705   48.321 -123.625
   48.312 -123.542   48.379 -123.500   48.444 -123.437   48.397 -123.360
   48.446 -123.277   48.509 -123.342   48.592 -123.374   48.672 -123.395
   48.657 -123.454   48.596 -123.479   48.527 -123.529   48.604 -123.515
   48.677 -123.531   48.729 -123.606   48.754 -123.597   48.796 -123.578
   48.846 -123.604   48.902 -123.682   48.951 -123.761   49.006 -123.829
   48.999 -123.758   49.061 -123.784   49.124 -123.845   49.153 -123.934
   49.222 -123.947   49.230 -124.000
  30                 49.000   48.233 -122.998 -124.000   48.291 -124.000
   48.280 -123.957   48.254 -123.795   48.233 -123.638   48.233 -123.475
   48.267 -123.305   48.343 -123.189   48.440 -123.143   48.547 -123.210
   48.660 -123.245   48.724 -123.136   48.785 -122.998   48.877 -123.096
   48.967 -123.250   49.000 -123.307
   8                 49.000   48.999 -122.000 -123.307   49.000 -123.307
   49.000 -122.801   48.999 -122.268   49.000 -122.000
  10                 49.000   48.999 -120.134 -122.000   49.000 -122.000
   49.000 -121.734   48.999 -121.201   49.000 -120.667   48.999 -120.134
  48                 49.363   48.930 -125.069 -126.000   49.255 -126.000
   49.225 -125.965   49.275 -125.881   49.283 -125.828   49.363 -125.782
   49.285 -125.798   49.260 -125.745   49.182 -125.752   49.176 -125.696
   49.216 -125.607   49.150 -125.672   49.100 -125.760   49.107 -125.863
   49.057 -125.824   49.037 -125.717   48.987 -125.632   48.938 -125.542
   48.930 -125.453   48.983 -125.367   49.025 -125.311   48.990 -125.309
   48.953 -125.252   48.994 -125.163   48.984 -125.069
  12                 48.956   48.702 -124.975 -125.178   48.956 -124.975
   48.889 -125.012   48.846 -125.108   48.794 -125.178   48.740 -125.120
   48.702 -125.007
